Ticker     | Parent Eq 2019  | Parent Eq 2020  | Parent Eq 2021  | Parent Eq 2022  | Parent Eq 2023 
-------------------------------------------------------------------------------------------------
VCB        | 80954.34        | 94094.98        | 109186.43       | 135646.08       | 165012.67      
TCB        | 62072.77        | 74614.79        | 93041.47        | 113424.97       | 131616.06      
CTG        | 77354.82        | 85439.22        | 93649.51        | 108316.31       | 125871.82      
VHM        | 64715.04        | 89129.92        | 131407.41       | 148521.84       | 182636.31      
VRE        | 26953.51        | 29335.82        | 30650.83        | 33424.69        | 37826.85       
NVL        | 24461.07        | 31932.15        | 41173.11        | 44817.73        | 45302.85       
VNM        | 29731.26        | 33647.12        | 35850.11        | 32816.52        | 35025.74       
MSN        | 51888.41        | 25030.28        | 42336.65        | 36636.74        | 38237.24       
SAB        | 20076.25        | 21215.28        | 22594.79        | 24590.85        | 25485.16